
== Ejercicio 1b ==

Array 0:[(4, 9)(0, 1)(122, 245)(39, 79)(99, 199)(103, 207)(127, 255)(12, 25)(82, 165)(14, 29)(89, 179)(79, 159)(89, 179)(123, 247)(114, 229)(4, 9)(10, 21)(66, 133)(54, 109)(101, 203)(17, 35)(54, 109)(97, 195)(83, 167)(12, 25)(96, 193)(2, 5)]
Array 1:[(68, 137)(50, 101)(123, 247)(6, 13)(126, 253)(26, 53)(14, 29)(67, 135)(94, 189)(11, 23)(52, 105)(34, 69)(5, 11)(113, 227)(93, 187)(93, 187)(1, 3)(71, 143)(52, 105)(80, 161)]
Array 2:[(29, 59)(42, 85)(78, 157)(119, 239)(95, 191)(66, 133)(34, 69)(26, 53)(16, 33)(11, 23)(115, 231)(88, 177)(83, 167)(66, 133)(19, 39)(26, 53)(35, 71)(28, 57)(39, 79)(64, 129)(19, 39)(31, 63)(39, 79)(19, 39)(1, 3)(40, 81)(115, 231)(127, 255)]
Array 3:[(85, 171)(47, 95)(61, 123)(105, 211)(11, 23)(22, 45)(122, 245)(5, 11)(1, 3)(32, 65)(101, 203)(46, 93)(2, 5)(113, 227)(41, 83)(40, 81)(103, 207)(86, 173)(30, 61)(30, 61)(111, 223)(17, 35)(57, 115)(58, 117)(85, 171)(110, 221)]
Array 4:[(108, 217)(59, 119)(103, 207)(48, 97)(37, 75)(16, 33)(81, 163)(10, 21)(108, 217)(99, 199)(66, 133)(69, 139)(56, 113)(126, 253)(35, 71)(88, 177)(34, 69)(37, 75)(124, 249)(100, 201)(63, 127)]
Array 5:[(57, 115)(74, 149)(71, 143)(0, 1)(57, 115)(52, 105)(60, 121)(35, 71)(78, 157)(84, 169)(19, 39)(41, 83)(112, 225)(57, 115)(53, 107)(62, 125)(108, 217)(66, 133)(31, 63)(8, 17)(104, 209)(68, 137)(55, 111)(80, 161)(123, 247)(38, 77)(30, 61)(74, 149)]
Array 6:[(88, 177)(93, 187)(92, 185)(109, 219)(22, 45)(82, 165)(86, 173)(40, 81)(72, 145)(126, 253)(60, 121)(22, 45)(56, 113)(75, 151)(54, 109)(21, 43)(93, 187)(93, 187)(32, 65)(11, 23)(100, 201)]
Array 7:[(100, 201)(91, 183)(124, 249)(46, 93)(6, 13)(71, 143)(16, 33)(124, 249)(72, 145)(76, 153)(21, 43)(99, 199)(20, 41)(53, 107)(39, 79)(90, 181)(54, 109)(106, 213)(114, 229)(112, 225)]
Array 8:[(69, 139)(74, 149)(6, 13)(13, 27)(42, 85)(14, 29)(54, 109)(75, 151)(92, 185)(121, 243)(77, 155)(48, 97)(23, 47)(112, 225)(15, 31)(27, 55)(126, 253)(2, 5)(125, 251)(32, 65)(40, 81)(93, 187)(68, 137)(48, 97)(31, 63)(47, 95)]
Array 9:[(64, 129)(33, 67)(47, 95)(92, 185)(101, 203)(8, 17)(20, 41)(21, 43)(77, 155)(17, 35)(58, 117)(22, 45)(68, 137)(90, 181)(89, 179)(12, 25)(68, 137)(114, 229)(57, 115)(114, 229)(26, 53)(47, 95)(113, 227)(122, 245)(72, 145)(67, 135)(72, 145)(71, 143)(110, 221)(57, 115)(24, 49)(46, 93)(23, 47)(33, 67)]
Array 10:[(90, 181)(1, 3)(3, 7)(116, 233)(118, 237)(81, 163)(64, 129)(90, 181)(101, 203)(39, 79)(3, 7)(10, 21)]
Array 11:[(55, 111)(83, 167)(6, 13)(117, 235)(58, 117)(97, 195)(40, 81)(125, 251)(43, 87)(119, 239)(55, 111)(98, 197)(83, 167)(4, 9)(45, 91)(85, 171)(2, 5)(40, 81)(108, 217)]
Array 12:[(22, 45)(93, 187)(116, 233)(106, 213)(104, 209)(16, 33)(42, 85)(87, 175)(35, 71)(20, 41)(33, 67)(114, 229)(119, 239)(108, 217)(125, 251)(48, 97)(59, 119)(30, 61)(57, 115)(110, 221)(41, 83)(32, 65)(79, 159)(47, 95)(93, 187)(124, 249)(103, 207)]
Array 13:[(98, 197)(89, 179)(14, 29)(115, 231)(25, 51)(106, 213)(40, 81)(71, 143)(122, 245)(7, 15)(12, 25)(3, 7)(43, 87)(7, 15)(41, 83)(37, 75)(56, 113)(115, 231)(5, 11)(7, 15)(84, 169)(116, 233)(23, 47)(63, 127)(15, 31)(32, 65)]
Array 14:[(75, 151)(94, 189)(92, 185)(114, 229)(5, 11)(98, 197)(54, 109)(17, 35)(72, 145)(56, 113)(116, 233)(47, 95)(105, 211)(39, 79)(101, 203)(89, 179)(22, 45)(61, 123)(31, 63)(80, 161)(52, 105)(94, 189)(55, 111)(69, 139)]
Array 15:[(92, 185)(102, 205)(83, 167)(53, 107)(82, 165)(38, 77)(59, 119)(80, 161)(26, 53)(108, 217)(118, 237)(39, 79)(95, 191)(25, 51)(56, 113)(124, 249)(8, 17)(70, 141)(110, 221)(60, 121)(66, 133)(82, 165)]
Array 16:[(38, 77)(123, 247)(110, 221)(0, 1)(90, 181)(115, 231)(5, 11)(52, 105)(115, 231)(15, 31)(113, 227)(112, 225)(67, 135)(63, 127)(89, 179)(66, 133)(102, 205)(18, 37)(117, 235)(105, 211)(49, 99)(120, 241)(24, 49)(123, 247)(71, 143)(125, 251)(81, 163)(68, 137)]
Array 17:[(57, 115)(6, 13)(58, 117)(120, 241)(70, 141)(34, 69)(116, 233)(124, 249)(75, 151)(19, 39)(83, 167)(82, 165)(34, 69)(17, 35)(112, 225)(107, 215)(99, 199)(48, 97)(98, 197)(45, 91)(9, 19)(123, 247)(93, 187)(76, 153)]
Array 18:[(127, 255)(85, 171)(57, 115)(96, 193)(2, 5)(98, 197)(70, 141)(104, 209)(94, 189)(42, 85)(67, 135)(21, 43)(119, 239)(120, 241)(32, 65)(47, 95)(23, 47)(112, 225)(107, 215)(5, 11)(100, 201)(118, 237)(79, 159)(12, 25)(11, 23)(27, 55)(40, 81)(4, 9)]
Array 19:[(79, 159)(22, 45)(50, 101)(62, 125)(51, 103)(65, 131)(36, 73)(8, 17)(37, 75)(101, 203)(4, 9)(79, 159)(104, 209)(56, 113)(22, 45)(14, 29)(60, 121)(116, 233)(10, 21)(91, 183)(82, 165)(78, 157)(119, 239)(70, 141)(109, 219)(90, 181)(27, 55)(27, 55)(98, 197)]
Array 20:[(122, 245)(85, 171)(17, 35)(29, 59)(94, 189)(112, 225)(10, 21)(29, 59)(80, 161)(19, 39)(21, 43)(110, 221)(33, 67)(91, 183)(34, 69)(14, 29)(105, 211)(2, 5)(103, 207)(93, 187)(92, 185)(124, 249)(83, 167)(4, 9)(79, 159)(111, 223)(65, 131)(105, 211)(104, 209)(122, 245)(79, 159)(53, 107)]
Array 21:[(124, 249)(42, 85)(71, 143)(106, 213)(119, 239)(26, 53)(56, 113)(79, 159)(100, 201)(72, 145)(37, 75)(17, 35)(120, 241)(114, 229)(102, 205)(12, 25)(108, 217)(92, 185)(37, 75)(25, 51)(2, 5)(104, 209)(21, 43)(51, 103)(116, 233)(103, 207)(51, 103)(54, 109)(26, 53)(102, 205)(14, 29)]
Array 22:[(82, 165)(50, 101)(116, 233)(41, 83)(36, 73)(20, 41)(0, 1)(116, 233)(86, 173)(0, 1)(114, 229)(66, 133)(83, 167)(109, 219)(13, 27)(18, 37)(56, 113)(48, 97)(123, 247)(14, 29)(61, 123)(34, 69)(126, 253)(127, 255)(24, 49)]
Array 23:[(19, 39)(115, 231)(99, 199)(48, 97)(95, 191)(114, 229)(93, 187)(86, 173)(38, 77)(14, 29)(11, 23)(37, 75)(123, 247)(95, 191)(84, 169)(85, 171)(18, 37)(19, 39)(100, 201)(12, 25)(23, 47)(97, 195)(104, 209)(38, 77)(47, 95)(11, 23)(93, 187)(44, 89)]
Array 24:[(60, 121)(1, 3)(25, 51)(106, 213)(92, 185)(51, 103)(118, 237)(62, 125)(107, 215)(78, 157)(111, 223)(68, 137)(89, 179)(95, 191)(37, 75)(47, 95)(36, 73)(41, 83)(20, 41)]
Array 25:[(3, 7)(70, 141)(89, 179)(1, 3)(26, 53)(30, 61)(78, 157)(117, 235)(110, 221)(12, 25)(87, 175)(85, 171)(18, 37)(68, 137)(70, 141)(41, 83)(119, 239)(127, 255)(65, 131)(106, 213)(7, 15)(25, 51)(117, 235)(6, 13)(106, 213)]
Array 26:[(36, 73)(12, 25)(126, 253)(112, 225)(17, 35)(41, 83)(73, 147)(39, 79)(109, 219)(125, 251)(0, 1)(61, 123)(89, 179)(76, 153)(71, 143)(124, 249)(109, 219)(95, 191)(80, 161)(40, 81)(99, 199)(91, 183)(50, 101)]
Array 27:[(52, 105)(26, 53)(8, 17)(23, 47)(68, 137)(24, 49)(109, 219)(80, 161)(56, 113)(75, 151)(100, 201)(23, 47)(65, 131)(6, 13)(1, 3)(6, 13)(121, 243)(40, 81)(87, 175)(95, 191)(20, 41)(84, 169)(99, 199)(91, 183)(31, 63)(116, 233)(43, 87)]
Array 28:[(123, 247)(31, 63)(17, 35)(47, 95)(20, 41)(4, 9)(81, 163)(63, 127)(61, 123)(101, 203)(34, 69)(117, 235)(90, 181)(1, 3)(52, 105)(52, 105)(34, 69)(57, 115)(3, 7)(101, 203)(32, 65)(2, 5)(75, 151)]
Array 29:[(118, 237)(52, 105)(50, 101)(61, 123)(28, 57)(48, 97)(100, 201)(103, 207)(37, 75)(122, 245)(33, 67)(23, 47)(76, 153)(121, 243)(59, 119)(59, 119)(104, 209)(59, 119)(50, 101)(41, 83)(59, 119)(105, 211)(64, 129)(15, 31)(81, 163)(53, 107)]
Array 30:[(88, 177)(58, 117)(60, 121)(102, 205)(71, 143)(80, 161)(19, 39)(16, 33)(71, 143)(88, 177)(63, 127)(124, 249)(107, 215)(64, 129)(109, 219)(109, 219)(43, 87)(15, 31)(58, 117)(42, 85)(28, 57)(118, 237)(49, 99)]
Array 31:[(12, 25)(65, 131)(123, 247)(1, 3)(43, 87)(32, 65)(10, 21)(70, 141)(16, 33)(28, 57)(117, 235)(41, 83)(39, 79)(63, 127)(17, 35)(113, 227)(115, 231)]
Array 32:[(27, 55)(86, 173)(45, 91)(48, 97)(83, 167)(15, 31)(3, 7)(44, 89)(87, 175)(21, 43)(63, 127)(25, 51)(113, 227)(6, 13)(110, 221)(113, 227)(102, 205)(12, 25)(71, 143)(106, 213)(111, 223)(77, 155)(116, 233)(109, 219)(127, 255)(114, 229)(119, 239)(14, 29)(19, 39)(119, 239)(125, 251)]
Array 33:[(32, 65)(90, 181)(69, 139)(74, 149)(44, 89)(49, 99)(124, 249)(22, 45)(91, 183)(75, 151)(68, 137)(41, 83)(89, 179)(9, 19)(35, 71)(98, 197)(110, 221)(36, 73)(57, 115)(38, 77)(95, 191)(3, 7)(59, 119)(5, 11)(12, 25)(102, 205)(14, 29)(87, 175)(120, 241)(28, 57)(1, 3)(91, 183)]
Array 34:[(85, 171)(27, 55)(101, 203)(115, 231)(23, 47)(78, 157)(17, 35)(3, 7)(38, 77)(8, 17)(37, 75)(34, 69)(124, 249)(0, 1)(119, 239)(111, 223)(85, 171)(100, 201)(10, 21)(82, 165)(12, 25)(25, 51)(31, 63)]
Array 35:[(57, 115)(78, 157)(61, 123)(15, 31)(18, 37)(78, 157)(21, 43)(40, 81)(7, 15)(5, 11)(84, 169)(38, 77)(89, 179)(111, 223)(98, 197)(70, 141)(81, 163)(127, 255)(62, 125)(3, 7)(100, 201)(98, 197)(17, 35)]
Array 36:[(71, 143)(102, 205)(73, 147)(17, 35)(56, 113)(49, 99)(94, 189)(103, 207)(99, 199)(75, 151)(84, 169)(112, 225)(1, 3)(79, 159)(20, 41)(114, 229)(57, 115)(3, 7)(5, 11)(4, 9)(55, 111)(117, 235)(85, 171)(86, 173)(6, 13)(85, 171)(29, 59)(11, 23)]
Array 37:[(47, 95)(22, 45)(119, 239)(43, 87)(36, 73)(103, 207)(20, 41)(33, 67)(15, 31)(63, 127)(14, 29)(70, 141)(84, 169)(123, 247)(79, 159)(127, 255)(113, 227)(40, 81)(14, 29)(121, 243)(53, 107)]
Array 38:[(3, 7)(11, 23)(30, 61)(17, 35)(86, 173)(46, 93)(33, 67)(21, 43)(26, 53)(78, 157)(54, 109)(87, 175)(2, 5)(76, 153)(56, 113)(117, 235)(59, 119)(65, 131)(3, 7)(87, 175)(52, 105)]
Array 39:[(27, 55)(8, 17)(105, 211)(8, 17)(78, 157)(118, 237)(79, 159)(42, 85)(19, 39)(51, 103)(54, 109)(32, 65)(35, 71)(23, 47)(42, 85)(14, 29)(24, 49)(101, 203)(12, 25)(32, 65)(56, 113)(32, 65)(41, 83)(123, 247)]
Array 40:[(6, 13)(8, 17)(12, 25)(8, 17)(86, 173)(45, 91)(122, 245)(93, 187)(11, 23)(7, 15)(100, 201)(12, 25)(61, 123)(78, 157)(75, 151)(58, 117)(2, 5)(104, 209)(89, 179)(65, 131)(8, 17)(53, 107)(111, 223)(117, 235)(121, 243)(71, 143)(41, 83)]
Array 41:[(21, 43)(14, 29)(78, 157)(25, 51)(88, 177)(61, 123)(61, 123)(73, 147)(39, 79)(9, 19)(19, 39)(105, 211)(74, 149)(22, 45)(51, 103)(100, 201)(30, 61)(37, 75)(1, 3)(115, 231)(3, 7)(32, 65)]
Array 42:[(83, 167)(117, 235)(82, 165)(100, 201)(119, 239)(6, 13)(111, 223)(127, 255)(44, 89)(123, 247)(5, 11)(80, 161)(29, 59)(37, 75)(118, 237)(9, 19)(55, 111)(111, 223)(21, 43)(41, 83)(35, 71)(66, 133)(83, 167)(84, 169)(88, 177)(47, 95)(25, 51)(54, 109)(82, 165)(12, 25)(102, 205)]
Array 43:[(114, 229)(84, 169)(56, 113)(3, 7)(126, 253)(10, 21)(11, 23)(106, 213)(34, 69)(123, 247)(95, 191)(117, 235)(85, 171)(5, 11)(82, 165)(96, 193)(43, 87)(68, 137)(17, 35)(70, 141)(125, 251)(4, 9)(6, 13)(123, 247)(93, 187)(15, 31)(76, 153)]
Array 44:[(99, 199)(38, 77)(53, 107)(22, 45)(19, 39)(9, 19)(65, 131)(105, 211)(24, 49)(119, 239)(96, 193)(97, 195)(74, 149)(56, 113)(88, 177)(97, 195)(97, 195)(1, 3)(3, 7)]
Array 45:[(59, 119)(90, 181)(88, 177)(39, 79)(91, 183)(73, 147)(104, 209)(30, 61)(54, 109)(100, 201)(12, 25)(12, 25)(68, 137)(31, 63)(84, 169)(35, 71)(3, 7)(107, 215)(33, 67)(77, 155)(21, 43)]
Array 46:[(3, 7)(112, 225)(75, 151)(122, 245)(71, 143)(70, 141)(115, 231)(32, 65)(34, 69)(68, 137)(125, 251)(76, 153)(93, 187)(112, 225)(2, 5)(17, 35)(74, 149)(36, 73)(82, 165)(110, 221)(24, 49)(0, 1)]
Array 47:[(76, 153)(124, 249)(15, 31)(32, 65)(25, 51)(47, 95)(119, 239)(66, 133)(55, 111)(65, 131)(104, 209)(112, 225)(24, 49)(127, 255)(90, 181)(74, 149)(55, 111)(84, 169)(113, 227)(19, 39)(18, 37)(2, 5)(124, 249)(96, 193)(56, 113)(33, 67)]
Array 48:[(123, 247)(7, 15)(40, 81)(12, 25)(11, 23)(124, 249)(116, 233)(64, 129)(43, 87)(56, 113)(42, 85)(62, 125)(76, 153)(96, 193)(107, 215)(82, 165)(113, 227)(1, 3)(31, 63)(122, 245)(73, 147)(3, 7)(14, 29)(88, 177)(108, 217)(119, 239)(26, 53)]
Array 49:[(112, 225)(48, 97)(61, 123)(14, 29)(118, 237)(121, 243)(54, 109)(81, 163)(19, 39)(99, 199)(82, 165)(46, 93)(114, 229)(35, 71)(96, 193)(63, 127)(59, 119)(70, 141)(95, 191)(95, 191)(92, 185)(37, 75)(103, 207)(81, 163)(36, 73)(93, 187)(56, 113)(16, 33)(118, 237)(74, 149)]
